|MdFieldCDT0||NTCF|01|BR|BR|||1|
|GdDTK||||0.0000|0.00|0.00|0.0000|0.00|
|GdDT1_F1||NTCF|01|BR|BR||F1|01|50.0000|0.0000|0.00|0.0000|2|
|GdDW1_F1||01|10.0000|10.0000|14.19|0.0000|
|GdDW1_F1||02|20.0000|20.0000|18.65|0.0000|
|GdDW1_F1||03|30.0000|30.0000|21.29|0.0000|
|GdDW1_F1||04|50.0000|50.0000|28.38|0.0000|
|GdDW1_F1||05|70.0000|70.0000|35.48|0.0000|
|GdDW1_F1||06|100.0000|100.0000|45.41|0.0000|
|GdDW1_F1||07|150.0000|150.0000|63.86|0.0000|
|GdDW1_F1||08|200.0000|200.0000|81.09|0.0000|
|GdDW1_F1||09|999999999.9999|999999999.9999|405.46|1000.0000|
|GdDY1_F1|||0.0000|0.00|0.00|0.00|0.0000|
|GdDT1_F1||NTCF|01|BR|BR||F1|02|100.0000|0.0000|0.00|0.0000|2|
|GdDW1_F1||01|10.0000|10.0000|14.66|0.0000|
|GdDW1_F1||02|20.0000|20.0000|19.27|0.0000|
|GdDW1_F1||03|30.0000|30.0000|21.99|0.0000|
|GdDW1_F1||04|50.0000|50.0000|29.32|0.0000|
|GdDW1_F1||05|70.0000|70.0000|36.65|0.0000|
|GdDW1_F1||06|100.0000|100.0000|46.91|0.0000|
|GdDW1_F1||07|150.0000|150.0000|65.96|0.0000|
|GdDW1_F1||08|200.0000|200.0000|83.76|0.0000|
|GdDW1_F1||09|999999999.9999|999999999.9999|418.81|1000.0000|
|GdDY1_F1|||0.0000|0.00|0.00|0.00|0.0000|
|GdDT1_F1||NTCF|01|BR|BR||F1|03|150.0000|0.0000|0.00|0.0000|2|
|GdDW1_F1||01|10.0000|10.0000|15.13|0.0000|
|GdDW1_F1||02|20.0000|20.0000|19.88|0.0000|
|GdDW1_F1||03|30.0000|30.0000|22.69|0.0000|
|GdDW1_F1||04|50.0000|50.0000|30.25|0.0000|
|GdDW1_F1||05|70.0000|70.0000|37.81|0.0000|
|GdDW1_F1||06|100.0000|100.0000|48.40|0.0000|
|GdDW1_F1||07|150.0000|150.0000|68.07|0.0000|
|GdDW1_F1||08|200.0000|200.0000|86.43|0.0000|
|GdDW1_F1||09|999999999.9999|999999999.9999|432.16|1000.0000|
|GdDY1_F1|||0.0000|0.00|0.00|0.00|0.0000|
|GdDT1_F1||NTCF|01|BR|BR||F1|04|200.0000|0.0000|0.00|0.0000|2|
|GdDW1_F1||01|10.0000|10.0000|15.59|0.0000|
|GdDW1_F1||02|20.0000|20.0000|20.49|0.0000|
|GdDW1_F1||03|30.0000|30.0000|23.39|0.0000|
|GdDW1_F1||04|50.0000|50.0000|31.19|0.0000|
|GdDW1_F1||05|70.0000|70.0000|38.98|0.0000|
|GdDW1_F1||06|100.0000|100.0000|49.90|0.0000|
|GdDW1_F1||07|150.0000|150.0000|70.17|0.0000|
|GdDW1_F1||08|200.0000|200.0000|89.10|0.0000|
|GdDW1_F1||09|999999999.9999|999999999.9999|445.51|1000.0000|
|GdDY1_F1|||0.0000|0.00|0.00|0.00|0.0000|
|GdDT1_F1||NTCF|01|BR|BR||F1|05|250.0000|0.0000|0.00|0.0000|2|
|GdDW1_F1||01|10.0000|10.0000|16.06|0.0000|
|GdDW1_F1||02|20.0000|20.0000|21.11|0.0000|
|GdDW1_F1||03|30.0000|30.0000|24.09|0.0000|
|GdDW1_F1||04|50.0000|50.0000|32.12|0.0000|
|GdDW1_F1||05|70.0000|70.0000|40.15|0.0000|
|GdDW1_F1||06|100.0000|100.0000|51.39|0.0000|
|GdDW1_F1||07|150.0000|150.0000|72.27|0.0000|
|GdDW1_F1||08|200.0000|200.0000|91.77|0.0000|
|GdDW1_F1||09|999999999.9999|999999999.9999|458.86|1000.0000|
|GdDY1_F1|||0.0000|0.00|0.00|0.00|0.0000|
|GdDT1_F1||NTCF|01|BR|BR||F1|06|300.0000|0.0000|0.00|0.0000|2|
|GdDW1_F1||01|10.0000|10.0000|16.53|0.0000|
|GdDW1_F1||02|20.0000|20.0000|21.72|0.0000|
|GdDW1_F1||03|30.0000|30.0000|24.79|0.0000|
|GdDW1_F1||04|50.0000|50.0000|33.05|0.0000|
|GdDW1_F1||05|70.0000|70.0000|41.32|0.0000|
|GdDW1_F1||06|100.0000|100.0000|52.89|0.0000|
|GdDW1_F1||07|150.0000|150.0000|74.37|0.0000|
|GdDW1_F1||08|200.0000|200.0000|94.44|0.0000|
|GdDW1_F1||09|999999999.9999|999999999.9999|472.21|1000.0000|
|GdDY1_F1|||0.0000|0.00|0.00|0.00|0.0000|
|GdDT1_F1||NTCF|01|BR|BR||F1|07|350.0000|0.0000|0.00|0.0000|2|
|GdDW1_F1||01|10.0000|10.0000|16.99|0.0000|
|GdDW1_F1||02|20.0000|20.0000|22.34|0.0000|
|GdDW1_F1||03|30.0000|30.0000|25.49|0.0000|
|GdDW1_F1||04|50.0000|50.0000|33.99|0.0000|
|GdDW1_F1||05|70.0000|70.0000|42.49|0.0000|
|GdDW1_F1||06|100.0000|100.0000|54.38|0.0000|
|GdDW1_F1||07|150.0000|150.0000|76.48|0.0000|
|GdDW1_F1||08|200.0000|200.0000|97.11|0.0000|
|GdDW1_F1||09|999999999.9999|999999999.9999|485.57|1000.0000|
|GdDY1_F1|||0.0000|0.00|0.00|0.00|0.0000|
|GdDT1_F1||NTCF|01|BR|BR||F1|08|400.0000|0.0000|0.00|0.0000|2|
|GdDW1_F1||01|10.0000|10.0000|17.46|0.0000|
|GdDW1_F1||02|20.0000|20.0000|22.95|0.0000|
|GdDW1_F1||03|30.0000|30.0000|26.19|0.0000|
|GdDW1_F1||04|50.0000|50.0000|34.92|0.0000|
|GdDW1_F1||05|70.0000|70.0000|43.66|0.0000|
|GdDW1_F1||06|100.0000|100.0000|55.88|0.0000|
|GdDW1_F1||07|150.0000|150.0000|78.58|0.0000|
|GdDW1_F1||08|200.0000|200.0000|99.78|0.0000|
|GdDW1_F1||09|999999999.9999|999999999.9999|498.92|1000.0000|
|GdDY1_F1|||0.0000|0.00|0.00|0.00|0.0000|
|GdDT1_F1||NTCF|01|BR|BR||F1|09|450.0000|0.0000|0.00|0.0000|2|
|GdDW1_F1||01|10.0000|10.0000|17.93|0.0000|
|GdDW1_F1||02|20.0000|20.0000|23.56|0.0000|
|GdDW1_F1||03|30.0000|30.0000|26.89|0.0000|
|GdDW1_F1||04|50.0000|50.0000|35.86|0.0000|
|GdDW1_F1||05|70.0000|70.0000|44.82|0.0000|
|GdDW1_F1||06|100.0000|100.0000|57.37|0.0000|
|GdDW1_F1||07|150.0000|150.0000|80.68|0.0000|
|GdDW1_F1||08|200.0000|200.0000|102.45|0.0000|
|GdDW1_F1||09|999999999.9999|999999999.9999|512.27|1000.0000|
|GdDY1_F1|||0.0000|0.00|0.00|0.00|0.0000|
|GdDT1_F1||NTCF|01|BR|BR||F1|10|500.0000|0.0000|0.00|0.0000|2|
|GdDW1_F1||01|10.0000|10.0000|18.40|0.0000|
|GdDW1_F1||02|20.0000|20.0000|24.18|0.0000|
|GdDW1_F1||03|30.0000|30.0000|27.59|0.0000|
|GdDW1_F1||04|50.0000|50.0000|36.79|0.0000|
|GdDW1_F1||05|70.0000|70.0000|45.99|0.0000|
|GdDW1_F1||06|100.0000|100.0000|58.87|0.0000|
|GdDW1_F1||07|150.0000|150.0000|82.78|0.0000|
|GdDW1_F1||08|200.0000|200.0000|105.12|0.0000|
|GdDW1_F1||09|999999999.9999|999999999.9999|525.62|1000.0000|
|GdDY1_F1|||0.0000|0.00|0.00|0.00|0.0000|
|GdDT1_F1||NTCF|01|BR|BR||F1|11|550.0000|0.0000|0.00|0.0000|2|
|GdDW1_F1||01|10.0000|10.0000|21.69|0.0000|
|GdDW1_F1||02|20.0000|20.0000|28.51|0.0000|
|GdDW1_F1||03|30.0000|30.0000|32.54|0.0000|
|GdDW1_F1||04|50.0000|50.0000|43.38|0.0000|
|GdDW1_F1||05|70.0000|70.0000|54.23|0.0000|
|GdDW1_F1||06|100.0000|100.0000|69.41|0.0000|
|GdDW1_F1||07|150.0000|150.0000|97.61|0.0000|
|GdDW1_F1||08|200.0000|200.0000|123.95|0.0000|
|GdDW1_F1||09|999999999.9999|999999999.9999|619.76|1000.0000|
|GdDY1_F1|||0.0000|0.00|0.00|0.00|0.0000|
|GdDT1_F1||NTCF|01|BR|BR||F1|12|600.0000|0.0000|0.00|0.0000|2|
|GdDW1_F1||01|10.0000|10.0000|22.16|0.0000|
|GdDW1_F1||02|20.0000|20.0000|29.12|0.0000|
|GdDW1_F1||03|30.0000|30.0000|33.24|0.0000|
|GdDW1_F1||04|50.0000|50.0000|44.32|0.0000|
|GdDW1_F1||05|70.0000|70.0000|55.40|0.0000|
|GdDW1_F1||06|100.0000|100.0000|70.91|0.0000|
|GdDW1_F1||07|150.0000|150.0000|99.72|0.0000|
|GdDW1_F1||08|200.0000|200.0000|126.62|0.0000|
|GdDW1_F1||09|999999999.9999|999999999.9999|633.11|1000.0000|
|GdDY1_F1|||0.0000|0.00|0.00|0.00|0.0000|
|GdDT1_F1||NTCF|01|BR|BR||F1|13|650.0000|0.0000|0.00|0.0000|2|
|GdDW1_F1||01|10.0000|10.0000|22.63|0.0000|
|GdDW1_F1||02|20.0000|20.0000|29.74|0.0000|
|GdDW1_F1||03|30.0000|30.0000|33.94|0.0000|
|GdDW1_F1||04|50.0000|50.0000|45.25|0.0000|
|GdDW1_F1||05|70.0000|70.0000|56.57|0.0000|
|GdDW1_F1||06|100.0000|100.0000|72.40|0.0000|
|GdDW1_F1||07|150.0000|150.0000|101.82|0.0000|
|GdDW1_F1||08|200.0000|200.0000|129.29|0.0000|
|GdDW1_F1||09|999999999.9999|999999999.9999|646.46|1000.0000|
|GdDY1_F1|||0.0000|0.00|0.00|0.00|0.0000|
|GdDT1_F1||NTCF|01|BR|BR||F1|14|700.0000|0.0000|0.00|0.0000|2|
|GdDW1_F1||01|10.0000|10.0000|23.09|0.0000|
|GdDW1_F1||02|20.0000|20.0000|30.35|0.0000|
|GdDW1_F1||03|30.0000|30.0000|34.64|0.0000|
|GdDW1_F1||04|50.0000|50.0000|46.19|0.0000|
|GdDW1_F1||05|70.0000|70.0000|57.73|0.0000|
|GdDW1_F1||06|100.0000|100.0000|73.90|0.0000|
|GdDW1_F1||07|150.0000|150.0000|103.92|0.0000|
|GdDW1_F1||08|200.0000|200.0000|131.96|0.0000|
|GdDW1_F1||09|999999999.9999|999999999.9999|659.81|1000.0000|
|GdDY1_F1|||0.0000|0.00|0.00|0.00|0.0000|
|GdDT1_F1||NTCF|01|BR|BR||F1|15|750.0000|0.0000|0.00|0.0000|2|
|GdDW1_F1||01|10.0000|10.0000|23.56|0.0000|
|GdDW1_F1||02|20.0000|20.0000|30.97|0.0000|
|GdDW1_F1||03|30.0000|30.0000|35.34|0.0000|
|GdDW1_F1||04|50.0000|50.0000|47.12|0.0000|
|GdDW1_F1||05|70.0000|70.0000|58.90|0.0000|
|GdDW1_F1||06|100.0000|100.0000|75.39|0.0000|
|GdDW1_F1||07|150.0000|150.0000|106.02|0.0000|
|GdDW1_F1||08|200.0000|200.0000|134.63|0.0000|
|GdDW1_F1||09|999999999.9999|999999999.9999|673.17|1000.0000|
|GdDY1_F1|||0.0000|0.00|0.00|0.00|0.0000|
|GdDT1_F1||NTCF|01|BR|BR||F1|16|800.0000|0.0000|0.00|0.0000|2|
|GdDW1_F1||01|10.0000|10.0000|24.03|0.0000|
|GdDW1_F1||02|20.0000|20.0000|31.58|0.0000|
|GdDW1_F1||03|30.0000|30.0000|36.04|0.0000|
|GdDW1_F1||04|50.0000|50.0000|48.06|0.0000|
|GdDW1_F1||05|70.0000|70.0000|60.07|0.0000|
|GdDW1_F1||06|100.0000|100.0000|76.89|0.0000|
|GdDW1_F1||07|150.0000|150.0000|108.13|0.0000|
|GdDW1_F1||08|200.0000|200.0000|137.30|0.0000|
|GdDW1_F1||09|999999999.9999|999999999.9999|686.52|1000.0000|
|GdDY1_F1|||0.0000|0.00|0.00|0.00|0.0000|
|GdDT1_F1||NTCF|01|BR|BR||F1|17|850.0000|0.0000|0.00|0.0000|2|
|GdDW1_F1||01|10.0000|10.0000|24.50|0.0000|
|GdDW1_F1||02|20.0000|20.0000|32.19|0.0000|
|GdDW1_F1||03|30.0000|30.0000|36.74|0.0000|
|GdDW1_F1||04|50.0000|50.0000|48.99|0.0000|
|GdDW1_F1||05|70.0000|70.0000|61.24|0.0000|
|GdDW1_F1||06|100.0000|100.0000|78.39|0.0000|
|GdDW1_F1||07|150.0000|150.0000|110.23|0.0000|
|GdDW1_F1||08|200.0000|200.0000|139.97|0.0000|
|GdDW1_F1||09|999999999.9999|999999999.9999|699.87|1000.0000|
|GdDY1_F1|||0.0000|0.00|0.00|0.00|0.0000|
|GdDT1_F1||NTCF|01|BR|BR||F1|18|900.0000|0.0000|0.00|0.0000|2|
|GdDW1_F1||01|10.0000|10.0000|24.96|0.0000|
|GdDW1_F1||02|20.0000|20.0000|32.81|0.0000|
|GdDW1_F1||03|30.0000|30.0000|37.44|0.0000|
|GdDW1_F1||04|50.0000|50.0000|49.93|0.0000|
|GdDW1_F1||05|70.0000|70.0000|62.41|0.0000|
|GdDW1_F1||06|100.0000|100.0000|79.88|0.0000|
|GdDW1_F1||07|150.0000|150.0000|112.33|0.0000|
|GdDW1_F1||08|200.0000|200.0000|142.64|0.0000|
|GdDW1_F1||09|999999999.9999|999999999.9999|713.22|1000.0000|
|GdDY1_F1|||0.0000|0.00|0.00|0.00|0.0000|
|GdDT1_F1||NTCF|01|BR|BR||F1|19|950.0000|0.0000|0.00|0.0000|2|
|GdDW1_F1||01|10.0000|10.0000|25.43|0.0000|
|GdDW1_F1||02|20.0000|20.0000|33.42|0.0000|
|GdDW1_F1||03|30.0000|30.0000|38.14|0.0000|
|GdDW1_F1||04|50.0000|50.0000|50.86|0.0000|
|GdDW1_F1||05|70.0000|70.0000|63.57|0.0000|
|GdDW1_F1||06|100.0000|100.0000|81.38|0.0000|
|GdDW1_F1||07|150.0000|150.0000|114.43|0.0000|
|GdDW1_F1||08|200.0000|200.0000|145.31|0.0000|
|GdDW1_F1||09|999999999.9999|999999999.9999|726.57|1000.0000|
|GdDY1_F1|||0.0000|0.00|0.00|0.00|0.0000|
|GdDT1_F1||NTCF|01|BR|BR||F1|20|1000.0000|0.0000|0.00|0.0000|2|
|GdDW1_F1||01|10.0000|10.0000|25.90|0.0000|
|GdDW1_F1||02|20.0000|20.0000|34.04|0.0000|
|GdDW1_F1||03|30.0000|30.0000|38.85|0.0000|
|GdDW1_F1||04|50.0000|50.0000|51.79|0.0000|
|GdDW1_F1||05|70.0000|70.0000|64.74|0.0000|
|GdDW1_F1||06|100.0000|100.0000|82.87|0.0000|
|GdDW1_F1||07|150.0000|150.0000|116.54|0.0000|
|GdDW1_F1||08|200.0000|200.0000|147.98|0.0000|
|GdDW1_F1||09|999999999.9999|999999999.9999|739.92|1000.0000|
|GdDY1_F1|||0.0000|0.00|0.00|0.00|0.0000|
|GdDT1_F1||NTCF|01|BR|BR||F1|21|1100.0000|0.0000|0.00|0.0000|2|
|GdDW1_F1||01|10.0000|10.0000|29.66|0.0000|
|GdDW1_F1||02|20.0000|20.0000|38.98|0.0000|
|GdDW1_F1||03|30.0000|30.0000|44.49|0.0000|
|GdDW1_F1||04|50.0000|50.0000|59.32|0.0000|
|GdDW1_F1||05|70.0000|70.0000|74.15|0.0000|
|GdDW1_F1||06|100.0000|100.0000|94.91|0.0000|
|GdDW1_F1||07|150.0000|150.0000|133.47|0.0000|
|GdDW1_F1||08|200.0000|200.0000|169.48|0.0000|
|GdDW1_F1||09|999999999.9999|999999999.9999|847.41|1000.0000|
|GdDY1_F1|||0.0000|0.00|0.00|0.00|0.0000|
|GdDT1_F1||NTCF|01|BR|BR||F1|22|1200.0000|0.0000|0.00|0.0000|2|
|GdDW1_F1||01|10.0000|10.0000|30.59|0.0000|
|GdDW1_F1||02|20.0000|20.0000|40.21|0.0000|
|GdDW1_F1||03|30.0000|30.0000|45.89|0.0000|
|GdDW1_F1||04|50.0000|50.0000|61.19|0.0000|
|GdDW1_F1||05|70.0000|70.0000|76.49|0.0000|
|GdDW1_F1||06|100.0000|100.0000|97.90|0.0000|
|GdDW1_F1||07|150.0000|150.0000|137.67|0.0000|
|GdDW1_F1||08|200.0000|200.0000|174.82|0.0000|
|GdDW1_F1||09|999999999.9999|999999999.9999|874.12|1000.0000|
|GdDY1_F1|||0.0000|0.00|0.00|0.00|0.0000|
|GdDT1_F1||NTCF|01|BR|BR||F1|23|1300.0000|0.0000|0.00|0.0000|2|
|GdDW1_F1||01|10.0000|10.0000|31.53|0.0000|
|GdDW1_F1||02|20.0000|20.0000|41.44|0.0000|
|GdDW1_F1||03|30.0000|30.0000|47.29|0.0000|
|GdDW1_F1||04|50.0000|50.0000|63.06|0.0000|
|GdDW1_F1||05|70.0000|70.0000|78.82|0.0000|
|GdDW1_F1||06|100.0000|100.0000|100.89|0.0000|
|GdDW1_F1||07|150.0000|150.0000|141.88|0.0000|
|GdDW1_F1||08|200.0000|200.0000|180.16|0.0000|
|GdDW1_F1||09|999999999.9999|999999999.9999|900.82|1000.0000|
|GdDY1_F1|||0.0000|0.00|0.00|0.00|0.0000|
|GdDT1_F1||NTCF|01|BR|BR||F1|24|1400.0000|0.0000|0.00|0.0000|2|
|GdDW1_F1||01|10.0000|10.0000|32.46|0.0000|
|GdDW1_F1||02|20.0000|20.0000|42.67|0.0000|
|GdDW1_F1||03|30.0000|30.0000|48.69|0.0000|
|GdDW1_F1||04|50.0000|50.0000|64.93|0.0000|
|GdDW1_F1||05|70.0000|70.0000|81.16|0.0000|
|GdDW1_F1||06|100.0000|100.0000|103.88|0.0000|
|GdDW1_F1||07|150.0000|150.0000|146.08|0.0000|
|GdDW1_F1||08|200.0000|200.0000|185.50|0.0000|
|GdDW1_F1||09|999999999.9999|999999999.9999|927.52|1000.0000|
|GdDY1_F1|||0.0000|0.00|0.00|0.00|0.0000|
|GdDT1_F1||NTCF|01|BR|BR||F1|25|1500.0000|0.0000|0.00|0.0000|2|
|GdDW1_F1||01|10.0000|10.0000|33.40|0.0000|
|GdDW1_F1||02|20.0000|20.0000|43.89|0.0000|
|GdDW1_F1||03|30.0000|30.0000|50.10|0.0000|
|GdDW1_F1||04|50.0000|50.0000|66.80|0.0000|
|GdDW1_F1||05|70.0000|70.0000|83.49|0.0000|
|GdDW1_F1||06|100.0000|100.0000|106.87|0.0000|
|GdDW1_F1||07|150.0000|150.0000|150.29|0.0000|
|GdDW1_F1||08|200.0000|200.0000|190.84|0.0000|
|GdDW1_F1||09|999999999.9999|999999999.9999|954.22|1000.0000|
|GdDY1_F1|||0.0000|0.00|0.00|0.00|0.0000|
|GdDT1_F1||NTCF|01|BR|BR||F1|26|1600.0000|0.0000|0.00|0.0000|2|
|GdDW1_F1||01|10.0000|10.0000|37.16|0.0000|
|GdDW1_F1||02|20.0000|20.0000|48.84|0.0000|
|GdDW1_F1||03|30.0000|30.0000|55.74|0.0000|
|GdDW1_F1||04|50.0000|50.0000|74.32|0.0000|
|GdDW1_F1||05|70.0000|70.0000|92.90|0.0000|
|GdDW1_F1||06|100.0000|100.0000|118.91|0.0000|
|GdDW1_F1||07|150.0000|150.0000|167.22|0.0000|
|GdDW1_F1||08|200.0000|200.0000|212.34|0.0000|
|GdDW1_F1||09|999999999.9999|999999999.9999|1061.72|1000.0000|
|GdDY1_F1|||0.0000|0.00|0.00|0.00|0.0000|
|GdDT1_F1||NTCF|01|BR|BR||F1|27|1700.0000|0.0000|0.00|0.0000|2|
|GdDW1_F1||01|10.0000|10.0000|38.09|0.0000|
|GdDW1_F1||02|20.0000|20.0000|50.07|0.0000|
|GdDW1_F1||03|30.0000|30.0000|57.14|0.0000|
|GdDW1_F1||04|50.0000|50.0000|76.19|0.0000|
|GdDW1_F1||05|70.0000|70.0000|95.24|0.0000|
|GdDW1_F1||06|100.0000|100.0000|121.90|0.0000|
|GdDW1_F1||07|150.0000|150.0000|171.43|0.0000|
|GdDW1_F1||08|200.0000|200.0000|217.68|0.0000|
|GdDW1_F1||09|999999999.9999|999999999.9999|1088.42|1000.0000|
|GdDY1_F1|||0.0000|0.00|0.00|0.00|0.0000|
|GdDT1_F1||NTCF|01|BR|BR||F1|28|1800.0000|0.0000|0.00|0.0000|2|
|GdDW1_F1||01|10.0000|10.0000|39.03|0.0000|
|GdDW1_F1||02|20.0000|20.0000|51.30|0.0000|
|GdDW1_F1||03|30.0000|30.0000|58.54|0.0000|
|GdDW1_F1||04|50.0000|50.0000|78.06|0.0000|
|GdDW1_F1||05|70.0000|70.0000|97.57|0.0000|
|GdDW1_F1||06|100.0000|100.0000|124.89|0.0000|
|GdDW1_F1||07|150.0000|150.0000|175.63|0.0000|
|GdDW1_F1||08|200.0000|200.0000|223.02|0.0000|
|GdDW1_F1||09|999999999.9999|999999999.9999|1115.12|1000.0000|
|GdDY1_F1|||0.0000|0.00|0.00|0.00|0.0000|
|GdDT1_F1||NTCF|01|BR|BR||F1|29|1900.0000|0.0000|0.00|0.0000|2|
|GdDW1_F1||01|10.0000|10.0000|39.96|0.0000|
|GdDW1_F1||02|20.0000|20.0000|52.52|0.0000|
|GdDW1_F1||03|30.0000|30.0000|59.95|0.0000|
|GdDW1_F1||04|50.0000|50.0000|79.93|0.0000|
|GdDW1_F1||05|70.0000|70.0000|99.91|0.0000|
|GdDW1_F1||06|100.0000|100.0000|127.88|0.0000|
|GdDW1_F1||07|150.0000|150.0000|179.84|0.0000|
|GdDW1_F1||08|200.0000|200.0000|228.36|0.0000|
|GdDW1_F1||09|999999999.9999|999999999.9999|1141.82|1000.0000|
|GdDY1_F1|||0.0000|0.00|0.00|0.00|0.0000|
|GdDT1_F1||NTCF|01|BR|BR||F1|30|2000.0000|0.0000|0.00|0.0000|2|
|GdDW1_F1||01|10.0000|10.0000|40.90|0.0000|
|GdDW1_F1||02|20.0000|20.0000|53.75|0.0000|
|GdDW1_F1||03|30.0000|30.0000|61.35|0.0000|
|GdDW1_F1||04|50.0000|50.0000|81.80|0.0000|
|GdDW1_F1||05|70.0000|70.0000|102.25|0.0000|
|GdDW1_F1||06|100.0000|100.0000|130.87|0.0000|
|GdDW1_F1||07|150.0000|150.0000|184.04|0.0000|
|GdDW1_F1||08|200.0000|200.0000|233.70|0.0000|
|GdDW1_F1||09|999999999.9999|999999999.9999|1168.52|1000.0000|
|GdDY1_F1|||0.0000|0.00|0.00|0.00|0.0000|
|GdDT1_F1||NTCF|01|BR|BR||F1|31|2200.0000|0.0000|0.00|0.0000|2|
|GdDW1_F1||01|10.0000|10.0000|45.60|0.0000|
|GdDW1_F1||02|20.0000|20.0000|59.93|0.0000|
|GdDW1_F1||03|30.0000|30.0000|68.39|0.0000|
|GdDW1_F1||04|50.0000|50.0000|91.19|0.0000|
|GdDW1_F1||05|70.0000|70.0000|113.99|0.0000|
|GdDW1_F1||06|100.0000|100.0000|145.90|0.0000|
|GdDW1_F1||07|150.0000|150.0000|205.18|0.0000|
|GdDW1_F1||08|200.0000|200.0000|260.54|0.0000|
|GdDW1_F1||09|999999999.9999|999999999.9999|1302.72|1000.0000|
|GdDY1_F1|||0.0000|0.00|0.00|0.00|0.0000|
|GdDT1_F1||NTCF|01|BR|BR||F1|32|2400.0000|0.0000|0.00|0.0000|2|
|GdDW1_F1||01|10.0000|10.0000|47.46|0.0000|
|GdDW1_F1||02|20.0000|20.0000|62.38|0.0000|
|GdDW1_F1||03|30.0000|30.0000|71.20|0.0000|
|GdDW1_F1||04|50.0000|50.0000|94.93|0.0000|
|GdDW1_F1||05|70.0000|70.0000|118.66|0.0000|
|GdDW1_F1||06|100.0000|100.0000|151.89|0.0000|
|GdDW1_F1||07|150.0000|150.0000|213.59|0.0000|
|GdDW1_F1||08|200.0000|200.0000|271.22|0.0000|
|GdDW1_F1||09|999999999.9999|999999999.9999|1356.12|1000.0000|
|GdDY1_F1|||0.0000|0.00|0.00|0.00|0.0000|
|GdDT1_F1||NTCF|01|BR|BR||F1|33|2600.0000|0.0000|0.00|0.0000|2|
|GdDW1_F1||01|10.0000|10.0000|49.33|0.0000|
|GdDW1_F1||02|20.0000|20.0000|64.84|0.0000|
|GdDW1_F1||03|30.0000|30.0000|74.00|0.0000|
|GdDW1_F1||04|50.0000|50.0000|98.67|0.0000|
|GdDW1_F1||05|70.0000|70.0000|123.33|0.0000|
|GdDW1_F1||06|100.0000|100.0000|157.87|0.0000|
|GdDW1_F1||07|150.0000|150.0000|222.00|0.0000|
|GdDW1_F1||08|200.0000|200.0000|281.91|0.0000|
|GdDW1_F1||09|999999999.9999|999999999.9999|1409.53|1000.0000|
|GdDY1_F1|||0.0000|0.00|0.00|0.00|0.0000|
|GdDT1_F1||NTCF|01|BR|BR||F1|34|2800.0000|0.0000|0.00|0.0000|2|
|GdDW1_F1||01|10.0000|10.0000|54.03|0.0000|
|GdDW1_F1||02|20.0000|20.0000|71.01|0.0000|
|GdDW1_F1||03|30.0000|30.0000|81.05|0.0000|
|GdDW1_F1||04|50.0000|50.0000|108.06|0.0000|
|GdDW1_F1||05|70.0000|70.0000|135.08|0.0000|
|GdDW1_F1||06|100.0000|100.0000|172.90|0.0000|
|GdDW1_F1||07|150.0000|150.0000|243.14|0.0000|
|GdDW1_F1||08|200.0000|200.0000|308.74|0.0000|
|GdDW1_F1||09|999999999.9999|999999999.9999|1543.72|1000.0000|
|GdDY1_F1|||0.0000|0.00|0.00|0.00|0.0000|
|GdDT1_F1||NTCF|01|BR|BR||F1|35|3000.0000|0.0000|0.00|0.0000|2|
|GdDW1_F1||01|10.0000|10.0000|55.90|0.0000|
|GdDW1_F1||02|20.0000|20.0000|73.47|0.0000|
|GdDW1_F1||03|30.0000|30.0000|83.85|0.0000|
|GdDW1_F1||04|50.0000|50.0000|111.80|0.0000|
|GdDW1_F1||05|70.0000|70.0000|139.75|0.0000|
|GdDW1_F1||06|100.0000|100.0000|178.88|0.0000|
|GdDW1_F1||07|150.0000|150.0000|251.55|0.0000|
|GdDW1_F1||08|200.0000|200.0000|319.43|0.0000|
|GdDW1_F1||09|999999999.9999|999999999.9999|1597.13|1000.0000|
|GdDY1_F1|||0.0000|0.00|0.00|0.00|0.0000|
|GdDT1_F1||NTCF|01|BR|BR||F1|36|3200.0000|0.0000|0.00|0.0000|2|
|GdDW1_F1||01|10.0000|10.0000|60.60|0.0000|
|GdDW1_F1||02|20.0000|20.0000|79.64|0.0000|
|GdDW1_F1||03|30.0000|30.0000|90.89|0.0000|
|GdDW1_F1||04|50.0000|50.0000|121.19|0.0000|
|GdDW1_F1||05|70.0000|70.0000|151.49|0.0000|
|GdDW1_F1||06|100.0000|100.0000|193.91|0.0000|
|GdDW1_F1||07|150.0000|150.0000|272.68|0.0000|
|GdDW1_F1||08|200.0000|200.0000|346.27|0.0000|
|GdDW1_F1||09|999999999.9999|999999999.9999|1731.33|1000.0000|
|GdDY1_F1|||0.0000|0.00|0.00|0.00|0.0000|
|GdDT1_F1||NTCF|01|BR|BR||F1|37|3400.0000|0.0000|0.00|0.0000|2|
|GdDW1_F1||01|10.0000|10.0000|62.47|0.0000|
|GdDW1_F1||02|20.0000|20.0000|82.10|0.0000|
|GdDW1_F1||03|30.0000|30.0000|93.70|0.0000|
|GdDW1_F1||04|50.0000|50.0000|124.93|0.0000|
|GdDW1_F1||05|70.0000|70.0000|156.16|0.0000|
|GdDW1_F1||06|100.0000|100.0000|199.89|0.0000|
|GdDW1_F1||07|150.0000|150.0000|281.09|0.0000|
|GdDW1_F1||08|200.0000|200.0000|356.95|0.0000|
|GdDW1_F1||09|999999999.9999|999999999.9999|1784.73|1000.0000|
|GdDY1_F1|||0.0000|0.00|0.00|0.00|0.0000|
|GdDT1_F1||NTCF|01|BR|BR||F1|38|3600.0000|0.0000|0.00|0.0000|2|
|GdDW1_F1||01|10.0000|10.0000|64.33|0.0000|
|GdDW1_F1||02|20.0000|20.0000|84.55|0.0000|
|GdDW1_F1||03|30.0000|30.0000|96.50|0.0000|
|GdDW1_F1||04|50.0000|50.0000|128.67|0.0000|
|GdDW1_F1||05|70.0000|70.0000|160.84|0.0000|
|GdDW1_F1||06|100.0000|100.0000|205.87|0.0000|
|GdDW1_F1||07|150.0000|150.0000|289.51|0.0000|
|GdDW1_F1||08|200.0000|200.0000|367.63|0.0000|
|GdDW1_F1||09|999999999.9999|999999999.9999|1838.13|1000.0000|
|GdDY1_F1|||0.0000|0.00|0.00|0.00|0.0000|
|GdDT1_F1||NTCF|01|BR|BR||F1|39|3800.0000|0.0000|0.00|0.0000|2|
|GdDW1_F1||01|10.0000|10.0000|66.20|0.0000|
|GdDW1_F1||02|20.0000|20.0000|87.01|0.0000|
|GdDW1_F1||03|30.0000|30.0000|99.31|0.0000|
|GdDW1_F1||04|50.0000|50.0000|132.41|0.0000|
|GdDW1_F1||05|70.0000|70.0000|165.51|0.0000|
|GdDW1_F1||06|100.0000|100.0000|211.85|0.0000|
|GdDW1_F1||07|150.0000|150.0000|297.92|0.0000|
|GdDW1_F1||08|200.0000|200.0000|378.31|0.0000|
|GdDW1_F1||09|999999999.9999|999999999.9999|1891.54|1000.0000|
|GdDY1_F1|||0.0000|0.00|0.00|0.00|0.0000|
|GdDT1_F1||NTCF|01|BR|BR||F1|40|4000.0000|0.0000|0.00|0.0000|2|
|GdDW1_F1||01|10.0000|10.0000|68.07|0.0000|
|GdDW1_F1||02|20.0000|20.0000|89.47|0.0000|
|GdDW1_F1||03|30.0000|30.0000|102.11|0.0000|
|GdDW1_F1||04|50.0000|50.0000|136.15|0.0000|
|GdDW1_F1||05|70.0000|70.0000|170.18|0.0000|
|GdDW1_F1||06|100.0000|100.0000|217.83|0.0000|
|GdDW1_F1||07|150.0000|150.0000|306.33|0.0000|
|GdDW1_F1||08|200.0000|200.0000|388.99|0.0000|
|GdDW1_F1||09|999999999.9999|999999999.9999|1944.94|1000.0000|
|GdDY1_F1|||0.0000|0.00|0.00|0.00|0.0000|
|GdDT1_F1||NTCF|01|BR|BR||F1|41|4200.0000|0.0000|0.00|0.0000|2|
|GdDW1_F1||01|10.0000|10.0000|69.94|0.0000|
|GdDW1_F1||02|20.0000|20.0000|91.92|0.0000|
|GdDW1_F1||03|30.0000|30.0000|104.91|0.0000|
|GdDW1_F1||04|50.0000|50.0000|139.88|0.0000|
|GdDW1_F1||05|70.0000|70.0000|174.86|0.0000|
|GdDW1_F1||06|100.0000|100.0000|223.81|0.0000|
|GdDW1_F1||07|150.0000|150.0000|314.74|0.0000|
|GdDW1_F1||08|200.0000|200.0000|399.67|0.0000|
|GdDW1_F1||09|999999999.9999|999999999.9999|1998.34|1000.0000|
|GdDY1_F1|||0.0000|0.00|0.00|0.00|0.0000|
|GdDT1_F1||NTCF|01|BR|BR||F1|42|4400.0000|0.0000|0.00|0.0000|2|
|GdDW1_F1||01|10.0000|10.0000|71.81|0.0000|
|GdDW1_F1||02|20.0000|20.0000|94.38|0.0000|
|GdDW1_F1||03|30.0000|30.0000|107.72|0.0000|
|GdDW1_F1||04|50.0000|50.0000|143.62|0.0000|
|GdDW1_F1||05|70.0000|70.0000|179.53|0.0000|
|GdDW1_F1||06|100.0000|100.0000|229.80|0.0000|
|GdDW1_F1||07|150.0000|150.0000|323.15|0.0000|
|GdDW1_F1||08|200.0000|200.0000|410.35|0.0000|
|GdDW1_F1||09|999999999.9999|999999999.9999|2051.75|1000.0000|
|GdDY1_F1|||0.0000|0.00|0.00|0.00|0.0000|
|GdDT1_F1||NTCF|01|BR|BR||F1|43|4600.0000|0.0000|0.00|0.0000|2|
|GdDW1_F1||01|10.0000|10.0000|73.68|0.0000|
|GdDW1_F1||02|20.0000|20.0000|96.84|0.0000|
|GdDW1_F1||03|30.0000|30.0000|110.52|0.0000|
|GdDW1_F1||04|50.0000|50.0000|147.36|0.0000|
|GdDW1_F1||05|70.0000|70.0000|184.20|0.0000|
|GdDW1_F1||06|100.0000|100.0000|235.78|0.0000|
|GdDW1_F1||07|150.0000|150.0000|331.56|0.0000|
|GdDW1_F1||08|200.0000|200.0000|421.03|0.0000|
|GdDW1_F1||09|999999999.9999|999999999.9999|2105.15|1000.0000|
|GdDY1_F1|||0.0000|0.00|0.00|0.00|0.0000|
|GdDT1_F1||NTCF|01|BR|BR||F1|44|4800.0000|0.0000|0.00|0.0000|2|
|GdDW1_F1||01|10.0000|10.0000|75.55|0.0000|
|GdDW1_F1||02|20.0000|20.0000|99.29|0.0000|
|GdDW1_F1||03|30.0000|30.0000|113.32|0.0000|
|GdDW1_F1||04|50.0000|50.0000|151.10|0.0000|
|GdDW1_F1||05|70.0000|70.0000|188.87|0.0000|
|GdDW1_F1||06|100.0000|100.0000|241.76|0.0000|
|GdDW1_F1||07|150.0000|150.0000|339.97|0.0000|
|GdDW1_F1||08|200.0000|200.0000|431.71|0.0000|
|GdDW1_F1||09|999999999.9999|999999999.9999|2158.56|1000.0000|
|GdDY1_F1|||0.0000|0.00|0.00|0.00|0.0000|
|GdDT1_F1||NTCF|01|BR|BR||F1|45|5000.0000|0.0000|0.00|0.0000|2|
|GdDW1_F1||01|10.0000|10.0000|77.42|0.0000|
|GdDW1_F1||02|20.0000|20.0000|101.75|0.0000|
|GdDW1_F1||03|30.0000|30.0000|116.13|0.0000|
|GdDW1_F1||04|50.0000|50.0000|154.84|0.0000|
|GdDW1_F1||05|70.0000|70.0000|193.55|0.0000|
|GdDW1_F1||06|100.0000|100.0000|247.74|0.0000|
|GdDW1_F1||07|150.0000|150.0000|348.38|0.0000|
|GdDW1_F1||08|200.0000|200.0000|442.39|0.0000|
|GdDW1_F1||09|999999999.9999|999999999.9999|2211.96|1000.0000|
|GdDY1_F1|||0.0000|0.00|0.00|0.00|0.0000|
|GdDT1_F1||NTCF|01|BR|BR||F1|46|5200.0000|0.0000|0.00|0.0000|2|
|GdDW1_F1||01|10.0000|10.0000|79.29|0.0000|
|GdDW1_F1||02|20.0000|20.0000|104.21|0.0000|
|GdDW1_F1||03|30.0000|30.0000|118.93|0.0000|
|GdDW1_F1||04|50.0000|50.0000|158.58|0.0000|
|GdDW1_F1||05|70.0000|70.0000|198.22|0.0000|
|GdDW1_F1||06|100.0000|100.0000|253.72|0.0000|
|GdDW1_F1||07|150.0000|150.0000|356.79|0.0000|
|GdDW1_F1||08|200.0000|200.0000|453.07|0.0000|
|GdDW1_F1||09|999999999.9999|999999999.9999|2265.36|1000.0000|
|GdDY1_F1|||0.0000|0.00|0.00|0.00|0.0000|
|GdDT1_F1||NTCF|01|BR|BR||F1|47|5400.0000|0.0000|0.00|0.0000|2|
|GdDW1_F1||01|10.0000|10.0000|81.16|0.0000|
|GdDW1_F1||02|20.0000|20.0000|106.66|0.0000|
|GdDW1_F1||03|30.0000|30.0000|121.74|0.0000|
|GdDW1_F1||04|50.0000|50.0000|162.31|0.0000|
|GdDW1_F1||05|70.0000|70.0000|202.89|0.0000|
|GdDW1_F1||06|100.0000|100.0000|259.70|0.0000|
|GdDW1_F1||07|150.0000|150.0000|365.21|0.0000|
|GdDW1_F1||08|200.0000|200.0000|463.75|0.0000|
|GdDW1_F1||09|999999999.9999|999999999.9999|2318.77|1000.0000|
|GdDY1_F1|||0.0000|0.00|0.00|0.00|0.0000|
|GdDT1_F1||NTCF|01|BR|BR||F1|48|5600.0000|0.0000|0.00|0.0000|2|
|GdDW1_F1||01|10.0000|10.0000|83.03|0.0000|
|GdDW1_F1||02|20.0000|20.0000|109.12|0.0000|
|GdDW1_F1||03|30.0000|30.0000|124.54|0.0000|
|GdDW1_F1||04|50.0000|50.0000|166.05|0.0000|
|GdDW1_F1||05|70.0000|70.0000|207.56|0.0000|
|GdDW1_F1||06|100.0000|100.0000|265.68|0.0000|
|GdDW1_F1||07|150.0000|150.0000|373.62|0.0000|
|GdDW1_F1||08|200.0000|200.0000|474.43|0.0000|
|GdDW1_F1||09|999999999.9999|999999999.9999|2372.17|1000.0000|
|GdDY1_F1|||0.0000|0.00|0.00|0.00|0.0000|
|GdDT1_F1||NTCF|01|BR|BR||F1|49|5800.0000|0.0000|0.00|0.0000|2|
|GdDW1_F1||01|10.0000|10.0000|84.90|0.0000|
|GdDW1_F1||02|20.0000|20.0000|111.58|0.0000|
|GdDW1_F1||03|30.0000|30.0000|127.34|0.0000|
|GdDW1_F1||04|50.0000|50.0000|169.79|0.0000|
|GdDW1_F1||05|70.0000|70.0000|212.24|0.0000|
|GdDW1_F1||06|100.0000|100.0000|271.66|0.0000|
|GdDW1_F1||07|150.0000|150.0000|382.03|0.0000|
|GdDW1_F1||08|200.0000|200.0000|485.12|0.0000|
|GdDW1_F1||09|999999999.9999|999999999.9999|2425.58|1000.0000|
|GdDY1_F1|||0.0000|0.00|0.00|0.00|0.0000|
|GdDT1_F1||NTCF|01|BR|BR||F1|50|6000.0000|0.0000|0.00|0.0000|2|
|GdDW1_F1||01|10.0000|10.0000|86.76|0.0000|
|GdDW1_F1||02|20.0000|20.0000|114.03|0.0000|
|GdDW1_F1||03|30.0000|30.0000|130.15|0.0000|
|GdDW1_F1||04|50.0000|50.0000|173.53|0.0000|
|GdDW1_F1||05|70.0000|70.0000|216.91|0.0000|
|GdDW1_F1||06|100.0000|100.0000|277.65|0.0000|
|GdDW1_F1||07|150.0000|150.0000|390.44|0.0000|
|GdDW1_F1||08|200.0000|200.0000|495.80|0.0000|
|GdDW1_F1||09|999999999.9999|999999999.9999|2478.98|1000.0000|
|GdDY1_F1|||0.0000|0.00|0.00|0.00|0.0000|
|GdDT1_F2||NTCF|01|BR|BR||F2|01|50.0000|0.0000|0.00|0.0000|2|
|GdDW1_F2||01|999999999.9999|999999999.9999|0.30|100.0000|
|GdDY1_F2|||0.0000|0.00|0.00|0.00|0.0000|
|GdDT1_F2||NTCF|01|BR|BR||F2|02|100.0000|0.0000|0.00|0.0000|2|
|GdDW1_F2||01|999999999.9999|999999999.9999|0.30|100.0000|
|GdDY1_F2|||0.0000|0.00|0.00|0.00|0.0000|
|GdDT1_F2||NTCF|01|BR|BR||F2|03|150.0000|0.0000|0.00|0.0000|2|
|GdDW1_F2||01|999999999.9999|999999999.9999|0.30|100.0000|
|GdDY1_F2|||0.0000|0.00|0.00|0.00|0.0000|
|GdDT1_F2||NTCF|01|BR|BR||F2|04|200.0000|0.0000|0.00|0.0000|2|
|GdDW1_F2||01|999999999.9999|999999999.9999|0.30|100.0000|
|GdDY1_F2|||0.0000|0.00|0.00|0.00|0.0000|
|GdDT1_F2||NTCF|01|BR|BR||F2|05|250.0000|0.0000|0.00|0.0000|2|
|GdDW1_F2||01|999999999.9999|999999999.9999|0.30|100.0000|
|GdDY1_F2|||0.0000|0.00|0.00|0.00|0.0000|
|GdDT1_F2||NTCF|01|BR|BR||F2|06|300.0000|0.0000|0.00|0.0000|2|
|GdDW1_F2||01|999999999.9999|999999999.9999|0.40|100.0000|
|GdDY1_F2|||0.0000|0.00|0.00|0.00|0.0000|
|GdDT1_F2||NTCF|01|BR|BR||F2|07|350.0000|0.0000|0.00|0.0000|2|
|GdDW1_F2||01|999999999.9999|999999999.9999|0.40|100.0000|
|GdDY1_F2|||0.0000|0.00|0.00|0.00|0.0000|
|GdDT1_F2||NTCF|01|BR|BR||F2|08|400.0000|0.0000|0.00|0.0000|2|
|GdDW1_F2||01|999999999.9999|999999999.9999|0.40|100.0000|
|GdDY1_F2|||0.0000|0.00|0.00|0.00|0.0000|
|GdDT1_F2||NTCF|01|BR|BR||F2|09|450.0000|0.0000|0.00|0.0000|2|
|GdDW1_F2||01|999999999.9999|999999999.9999|0.40|100.0000|
|GdDY1_F2|||0.0000|0.00|0.00|0.00|0.0000|
|GdDT1_F2||NTCF|01|BR|BR||F2|10|500.0000|0.0000|0.00|0.0000|2|
|GdDW1_F2||01|999999999.9999|999999999.9999|0.40|100.0000|
|GdDY1_F2|||0.0000|0.00|0.00|0.00|0.0000|
|GdDT1_F2||NTCF|01|BR|BR||F2|11|550.0000|0.0000|0.00|0.0000|2|
|GdDW1_F2||01|999999999.9999|999999999.9999|0.60|100.0000|
|GdDY1_F2|||0.0000|0.00|0.00|0.00|0.0000|
|GdDT1_F2||NTCF|01|BR|BR||F2|12|600.0000|0.0000|0.00|0.0000|2|
|GdDW1_F2||01|999999999.9999|999999999.9999|0.60|100.0000|
|GdDY1_F2|||0.0000|0.00|0.00|0.00|0.0000|
|GdDT1_F2||NTCF|01|BR|BR||F2|13|650.0000|0.0000|0.00|0.0000|2|
|GdDW1_F2||01|999999999.9999|999999999.9999|0.60|100.0000|
|GdDY1_F2|||0.0000|0.00|0.00|0.00|0.0000|
|GdDT1_F2||NTCF|01|BR|BR||F2|14|700.0000|0.0000|0.00|0.0000|2|
|GdDW1_F2||01|999999999.9999|999999999.9999|0.60|100.0000|
|GdDY1_F2|||0.0000|0.00|0.00|0.00|0.0000|
|GdDT1_F2||NTCF|01|BR|BR||F2|15|750.0000|0.0000|0.00|0.0000|2|
|GdDW1_F2||01|999999999.9999|999999999.9999|0.60|100.0000|
|GdDY1_F2|||0.0000|0.00|0.00|0.00|0.0000|
|GdDT1_F2||NTCF|01|BR|BR||F2|16|800.0000|0.0000|0.00|0.0000|2|
|GdDW1_F2||01|999999999.9999|999999999.9999|0.60|100.0000|
|GdDY1_F2|||0.0000|0.00|0.00|0.00|0.0000|
|GdDT1_F2||NTCF|01|BR|BR||F2|17|850.0000|0.0000|0.00|0.0000|2|
|GdDW1_F2||01|999999999.9999|999999999.9999|0.60|100.0000|
|GdDY1_F2|||0.0000|0.00|0.00|0.00|0.0000|
|GdDT1_F2||NTCF|01|BR|BR||F2|18|900.0000|0.0000|0.00|0.0000|2|
|GdDW1_F2||01|999999999.9999|999999999.9999|0.60|100.0000|
|GdDY1_F2|||0.0000|0.00|0.00|0.00|0.0000|
|GdDT1_F2||NTCF|01|BR|BR||F2|19|950.0000|0.0000|0.00|0.0000|2|
|GdDW1_F2||01|999999999.9999|999999999.9999|0.60|100.0000|
|GdDY1_F2|||0.0000|0.00|0.00|0.00|0.0000|
|GdDT1_F2||NTCF|01|BR|BR||F2|20|1000.0000|0.0000|0.00|0.0000|2|
|GdDW1_F2||01|999999999.9999|999999999.9999|0.60|100.0000|
|GdDY1_F2|||0.0000|0.00|0.00|0.00|0.0000|
|GdDT1_F2||NTCF|01|BR|BR||F2|21|1100.0000|0.0000|0.00|0.0000|2|
|GdDW1_F2||01|999999999.9999|999999999.9999|0.70|100.0000|
|GdDY1_F2|||0.0000|0.00|0.00|0.00|0.0000|
|GdDT1_F2||NTCF|01|BR|BR||F2|22|1200.0000|0.0000|0.00|0.0000|2|
|GdDW1_F2||01|999999999.9999|999999999.9999|0.70|100.0000|
|GdDY1_F2|||0.0000|0.00|0.00|0.00|0.0000|
|GdDT1_F2||NTCF|01|BR|BR||F2|23|1300.0000|0.0000|0.00|0.0000|2|
|GdDW1_F2||01|999999999.9999|999999999.9999|0.70|100.0000|
|GdDY1_F2|||0.0000|0.00|0.00|0.00|0.0000|
|GdDT1_F2||NTCF|01|BR|BR||F2|24|1400.0000|0.0000|0.00|0.0000|2|
|GdDW1_F2||01|999999999.9999|999999999.9999|0.70|100.0000|
|GdDY1_F2|||0.0000|0.00|0.00|0.00|0.0000|
|GdDT1_F2||NTCF|01|BR|BR||F2|25|1500.0000|0.0000|0.00|0.0000|2|
|GdDW1_F2||01|999999999.9999|999999999.9999|0.70|100.0000|
|GdDY1_F2|||0.0000|0.00|0.00|0.00|0.0000|
|GdDT1_F2||NTCF|01|BR|BR||F2|26|1600.0000|0.0000|0.00|0.0000|2|
|GdDW1_F2||01|999999999.9999|999999999.9999|0.80|100.0000|
|GdDY1_F2|||0.0000|0.00|0.00|0.00|0.0000|
|GdDT1_F2||NTCF|01|BR|BR||F2|27|1700.0000|0.0000|0.00|0.0000|2|
|GdDW1_F2||01|999999999.9999|999999999.9999|0.80|100.0000|
|GdDY1_F2|||0.0000|0.00|0.00|0.00|0.0000|
|GdDT1_F2||NTCF|01|BR|BR||F2|28|1800.0000|0.0000|0.00|0.0000|2|
|GdDW1_F2||01|999999999.9999|999999999.9999|0.80|100.0000|
|GdDY1_F2|||0.0000|0.00|0.00|0.00|0.0000|
|GdDT1_F2||NTCF|01|BR|BR||F2|29|1900.0000|0.0000|0.00|0.0000|2|
|GdDW1_F2||01|999999999.9999|999999999.9999|0.80|100.0000|
|GdDY1_F2|||0.0000|0.00|0.00|0.00|0.0000|
|GdDT1_F2||NTCF|01|BR|BR||F2|30|2000.0000|0.0000|0.00|0.0000|2|
|GdDW1_F2||01|999999999.9999|999999999.9999|0.80|100.0000|
|GdDY1_F2|||0.0000|0.00|0.00|0.00|0.0000|
|GdDT1_F2||NTCF|01|BR|BR||F2|31|2200.0000|0.0000|0.00|0.0000|2|
|GdDW1_F2||01|999999999.9999|999999999.9999|0.90|100.0000|
|GdDY1_F2|||0.0000|0.00|0.00|0.00|0.0000|
|GdDT1_F2||NTCF|01|BR|BR||F2|32|2400.0000|0.0000|0.00|0.0000|2|
|GdDW1_F2||01|999999999.9999|999999999.9999|0.90|100.0000|
|GdDY1_F2|||0.0000|0.00|0.00|0.00|0.0000|
|GdDT1_F2||NTCF|01|BR|BR||F2|33|2600.0000|0.0000|0.00|0.0000|2|
|GdDW1_F2||01|999999999.9999|999999999.9999|0.90|100.0000|
|GdDY1_F2|||0.0000|0.00|0.00|0.00|0.0000|
|GdDT1_F2||NTCF|01|BR|BR||F2|34|2800.0000|0.0000|0.00|0.0000|2|
|GdDW1_F2||01|999999999.9999|999999999.9999|1.00|100.0000|
|GdDY1_F2|||0.0000|0.00|0.00|0.00|0.0000|
|GdDT1_F2||NTCF|01|BR|BR||F2|35|3000.0000|0.0000|0.00|0.0000|2|
|GdDW1_F2||01|999999999.9999|999999999.9999|1.00|100.0000|
|GdDY1_F2|||0.0000|0.00|0.00|0.00|0.0000|
|GdDT1_F2||NTCF|01|BR|BR||F2|36|3200.0000|0.0000|0.00|0.0000|2|
|GdDW1_F2||01|999999999.9999|999999999.9999|1.10|100.0000|
|GdDY1_F2|||0.0000|0.00|0.00|0.00|0.0000|
|GdDT1_F2||NTCF|01|BR|BR||F2|37|3400.0000|0.0000|0.00|0.0000|2|
|GdDW1_F2||01|999999999.9999|999999999.9999|1.10|100.0000|
|GdDY1_F2|||0.0000|0.00|0.00|0.00|0.0000|
|GdDT1_F2||NTCF|01|BR|BR||F2|38|3600.0000|0.0000|0.00|0.0000|2|
|GdDW1_F2||01|999999999.9999|999999999.9999|1.20|100.0000|
|GdDY1_F2|||0.0000|0.00|0.00|0.00|0.0000|
|GdDT1_F2||NTCF|01|BR|BR||F2|39|3800.0000|0.0000|0.00|0.0000|2|
|GdDW1_F2||01|999999999.9999|999999999.9999|1.20|100.0000|
|GdDY1_F2|||0.0000|0.00|0.00|0.00|0.0000|
|GdDT1_F2||NTCF|01|BR|BR||F2|40|4000.0000|0.0000|0.00|0.0000|2|
|GdDW1_F2||01|999999999.9999|999999999.9999|1.20|100.0000|
|GdDY1_F2|||0.0000|0.00|0.00|0.00|0.0000|
|GdDT1_F2||NTCF|01|BR|BR||F2|41|4200.0000|0.0000|0.00|0.0000|2|
|GdDW1_F2||01|999999999.9999|999999999.9999|1.20|100.0000|
|GdDY1_F2|||0.0000|0.00|0.00|0.00|0.0000|
|GdDT1_F2||NTCF|01|BR|BR||F2|42|4400.0000|0.0000|0.00|0.0000|2|
|GdDW1_F2||01|999999999.9999|999999999.9999|1.20|100.0000|
|GdDY1_F2|||0.0000|0.00|0.00|0.00|0.0000|
|GdDT1_F2||NTCF|01|BR|BR||F2|43|4600.0000|0.0000|0.00|0.0000|2|
|GdDW1_F2||01|999999999.9999|999999999.9999|1.20|100.0000|
|GdDY1_F2|||0.0000|0.00|0.00|0.00|0.0000|
|GdDT1_F2||NTCF|01|BR|BR||F2|44|4800.0000|0.0000|0.00|0.0000|2|
|GdDW1_F2||01|999999999.9999|999999999.9999|1.20|100.0000|
|GdDY1_F2|||0.0000|0.00|0.00|0.00|0.0000|
|GdDT1_F2||NTCF|01|BR|BR||F2|45|5000.0000|0.0000|0.00|0.0000|2|
|GdDW1_F2||01|999999999.9999|999999999.9999|1.20|100.0000|
|GdDY1_F2|||0.0000|0.00|0.00|0.00|0.0000|
|GdDT1_F2||NTCF|01|BR|BR||F2|46|5200.0000|0.0000|0.00|0.0000|2|
|GdDW1_F2||01|999999999.9999|999999999.9999|1.20|100.0000|
|GdDY1_F2|||0.0000|0.00|0.00|0.00|0.0000|
|GdDT1_F2||NTCF|01|BR|BR||F2|47|5400.0000|0.0000|0.00|0.0000|2|
|GdDW1_F2||01|999999999.9999|999999999.9999|1.20|100.0000|
|GdDY1_F2|||0.0000|0.00|0.00|0.00|0.0000|
|GdDT1_F2||NTCF|01|BR|BR||F2|48|5600.0000|0.0000|0.00|0.0000|2|
|GdDW1_F2||01|999999999.9999|999999999.9999|1.20|100.0000|
|GdDY1_F2|||0.0000|0.00|0.00|0.00|0.0000|
|GdDT1_F2||NTCF|01|BR|BR||F2|49|5800.0000|0.0000|0.00|0.0000|2|
|GdDW1_F2||01|999999999.9999|999999999.9999|1.20|100.0000|
|GdDY1_F2|||0.0000|0.00|0.00|0.00|0.0000|
|GdDT1_F2||NTCF|01|BR|BR||F2|50|6000.0000|0.0000|0.00|0.0000|2|
|GdDW1_F2||01|999999999.9999|999999999.9999|1.20|100.0000|
|GdDY1_F2|||0.0000|0.00|0.00|0.00|0.0000|
|GdDT1_F3||NTCF|01|BR|BR||F3|01|999999999.9999|0.0000|0.30|100.0000|2|
|GdDT1_F4||NTCF|01|BR|BR||F4|01|999999999.9999|999999999.9999|34.88|0.0000|2|
|GdDT1_F5||NTCF|01|BR|BR||F5|01|999999999.9999|999999999.9999|5.25|0.0000|2|
|GdDT1_F6||NTCF|01|BR|BR||F6|01|999999999.9999|0.0000|19.25|1.0000|2|
|GdDT1_F7||NTCF|01|BR|BR||F7|01|999999999.9999|0.0000|560.21|1.0000|2|
|GdDT1_F8||NTCF|01|BR|BR||F8|01|999999999.9999|0.0000|603.31|1.0000|2|
|GdDT1_F9||NTCF|01|BR|BR||F9|01|999999999.9999|0.0000|1026.59|1.0000|2|
|GdDT1_FA||NTCF|01|BR|BR||FA|01|999999999.9999|0.0000|229.83|1.0000|2|
|GdDT1_FB||NTCF|01|BR|BR||FB|01|999999999.9999|999999999.9999|4.45|100.0000|2|
|GdDT1_FE||NTCF|01|BR|BR||FE|01|999999999.9999|0.0000|34.33|1.0000|2|
|GdDT1_FC||NTCF|01|BR|BR||FC|01|999999999.9999|0.0000|20.00|100.0000|2|
|GdDT1_FD||NTCF|01|BR|BR||FD|01|999999999.9999|0.0000|0.00|0.0000|2|
|GdDVY|||F1|Frete Peso|100.00|
|GdDVY|||F2|Frete Valor|100.00|
|GdDVY|||F3|Gris|100.00|
|GdDVY|||F4|Despacho|100.00|
|GdDVY|||F5|Taxa Emissao Cte|100.00|
|GdDVY|||F6|Permanencia da Carga|100.00|
|GdDVY|||F7|Estadia (Toco)|100.00|
|GdDVY|||F8|Estadia (Truck)|100.00|
|GdDVY|||F9|Estadia Cav.+Carreta|100.00|
|GdDVY|||FA|Estadia Carreta 3eix|100.00|
|GdDVY|||FB|Pedagio|100.00|
|GdDVY|||FE|Paletizacao|100.00|
