|MdFieldCDT0||NTCL|01|BR|BR|||1|
|GdDTK||||0.0000|0.00|0.00|0.0000|0.00|
|GdDT1_L1||NTCL|01|BR|BR||L1|01|50.0000|0.0000|0.00|0.0000|2|
|GdDW1_L1||01|999999999.9999|999999999.9999|29.14|1000.0000|
|GdDY1_L1|||0.0000|0.00|0.00|0.00|0.0000|
|GdDT1_L1||NTCL|01|BR|BR||L1|02|100.0000|0.0000|0.00|0.0000|2|
|GdDW1_L1||01|999999999.9999|999999999.9999|34.49|1000.0000|
|GdDY1_L1|||0.0000|0.00|0.00|0.00|0.0000|
|GdDT1_L1||NTCL|01|BR|BR||L1|03|150.0000|0.0000|0.00|0.0000|2|
|GdDW1_L1||01|999999999.9999|999999999.9999|39.84|1000.0000|
|GdDY1_L1|||0.0000|0.00|0.00|0.00|0.0000|
|GdDT1_L1||NTCL|01|BR|BR||L1|04|200.0000|0.0000|0.00|0.0000|2|
|GdDW1_L1||01|999999999.9999|999999999.9999|45.19|1000.0000|
|GdDY1_L1|||0.0000|0.00|0.00|0.00|0.0000|
|GdDT1_L1||NTCL|01|BR|BR||L1|05|250.0000|0.0000|0.00|0.0000|2|
|GdDW1_L1||01|999999999.9999|999999999.9999|50.54|1000.0000|
|GdDY1_L1|||0.0000|0.00|0.00|0.00|0.0000|
|GdDT1_L1||NTCL|01|BR|BR||L1|06|300.0000|0.0000|0.00|0.0000|2|
|GdDW1_L1||01|999999999.9999|999999999.9999|55.88|1000.0000|
|GdDY1_L1|||0.0000|0.00|0.00|0.00|0.0000|
|GdDT1_L1||NTCL|01|BR|BR||L1|07|350.0000|0.0000|0.00|0.0000|2|
|GdDW1_L1||01|999999999.9999|999999999.9999|61.23|1000.0000|
|GdDY1_L1|||0.0000|0.00|0.00|0.00|0.0000|
|GdDT1_L1||NTCL|01|BR|BR||L1|08|400.0000|0.0000|0.00|0.0000|2|
|GdDW1_L1||01|999999999.9999|999999999.9999|66.58|1000.0000|
|GdDY1_L1|||0.0000|0.00|0.00|0.00|0.0000|
|GdDT1_L1||NTCL|01|BR|BR||L1|09|450.0000|0.0000|0.00|0.0000|2|
|GdDW1_L1||01|999999999.9999|999999999.9999|71.93|1000.0000|
|GdDY1_L1|||0.0000|0.00|0.00|0.00|0.0000|
|GdDT1_L1||NTCL|01|BR|BR||L1|10|500.0000|0.0000|0.00|0.0000|2|
|GdDW1_L1||01|999999999.9999|999999999.9999|77.28|1000.0000|
|GdDY1_L1|||0.0000|0.00|0.00|0.00|0.0000|
|GdDT1_L1||NTCL|01|BR|BR||L1|11|550.0000|0.0000|0.00|0.0000|2|
|GdDW1_L1||01|999999999.9999|999999999.9999|82.63|1000.0000|
|GdDY1_L1|||0.0000|0.00|0.00|0.00|0.0000|
|GdDT1_L1||NTCL|01|BR|BR||L1|12|600.0000|0.0000|0.00|0.0000|2|
|GdDW1_L1||01|999999999.9999|999999999.9999|87.98|1000.0000|
|GdDY1_L1|||0.0000|0.00|0.00|0.00|0.0000|
|GdDT1_L1||NTCL|01|BR|BR||L1|13|650.0000|0.0000|0.00|0.0000|2|
|GdDW1_L1||01|999999999.9999|999999999.9999|93.33|1000.0000|
|GdDY1_L1|||0.0000|0.00|0.00|0.00|0.0000|
|GdDT1_L1||NTCL|01|BR|BR||L1|14|700.0000|0.0000|0.00|0.0000|2|
|GdDW1_L1||01|999999999.9999|999999999.9999|98.68|1000.0000|
|GdDY1_L1|||0.0000|0.00|0.00|0.00|0.0000|
|GdDT1_L1||NTCL|01|BR|BR||L1|15|750.0000|0.0000|0.00|0.0000|2|
|GdDW1_L1||01|999999999.9999|999999999.9999|104.03|1000.0000|
|GdDY1_L1|||0.0000|0.00|0.00|0.00|0.0000|
|GdDT1_L1||NTCL|01|BR|BR||L1|16|800.0000|0.0000|0.00|0.0000|2|
|GdDW1_L1||01|999999999.9999|999999999.9999|109.38|1000.0000|
|GdDY1_L1|||0.0000|0.00|0.00|0.00|0.0000|
|GdDT1_L1||NTCL|01|BR|BR||L1|17|850.0000|0.0000|0.00|0.0000|2|
|GdDW1_L1||01|999999999.9999|999999999.9999|114.73|1000.0000|
|GdDY1_L1|||0.0000|0.00|0.00|0.00|0.0000|
|GdDT1_L1||NTCL|01|BR|BR||L1|18|900.0000|0.0000|0.00|0.0000|2|
|GdDW1_L1||01|999999999.9999|999999999.9999|120.08|1000.0000|
|GdDY1_L1|||0.0000|0.00|0.00|0.00|0.0000|
|GdDT1_L1||NTCL|01|BR|BR||L1|19|950.0000|0.0000|0.00|0.0000|2|
|GdDW1_L1||01|999999999.9999|999999999.9999|125.43|1000.0000|
|GdDY1_L1|||0.0000|0.00|0.00|0.00|0.0000|
|GdDT1_L1||NTCL|01|BR|BR||L1|20|1000.0000|0.0000|0.00|0.0000|2|
|GdDW1_L1||01|999999999.9999|999999999.9999|130.78|1000.0000|
|GdDY1_L1|||0.0000|0.00|0.00|0.00|0.0000|
|GdDT1_L1||NTCL|01|BR|BR||L1|21|1100.0000|0.0000|0.00|0.0000|2|
|GdDW1_L1||01|999999999.9999|999999999.9999|141.48|1000.0000|
|GdDY1_L1|||0.0000|0.00|0.00|0.00|0.0000|
|GdDT1_L1||NTCL|01|BR|BR||L1|22|1200.0000|0.0000|0.00|0.0000|2|
|GdDW1_L1||01|999999999.9999|999999999.9999|152.17|1000.0000|
|GdDY1_L1|||0.0000|0.00|0.00|0.00|0.0000|
|GdDT1_L1||NTCL|01|BR|BR||L1|23|1300.0000|0.0000|0.00|0.0000|2|
|GdDW1_L1||01|999999999.9999|999999999.9999|162.87|1000.0000|
|GdDY1_L1|||0.0000|0.00|0.00|0.00|0.0000|
|GdDT1_L1||NTCL|01|BR|BR||L1|24|1400.0000|0.0000|0.00|0.0000|2|
|GdDW1_L1||01|999999999.9999|999999999.9999|173.57|1000.0000|
|GdDY1_L1|||0.0000|0.00|0.00|0.00|0.0000|
|GdDT1_L1||NTCL|01|BR|BR||L1|25|1500.0000|0.0000|0.00|0.0000|2|
|GdDW1_L1||01|999999999.9999|999999999.9999|184.27|1000.0000|
|GdDY1_L1|||0.0000|0.00|0.00|0.00|0.0000|
|GdDT1_L1||NTCL|01|BR|BR||L1|26|1600.0000|0.0000|0.00|0.0000|2|
|GdDW1_L1||01|999999999.9999|999999999.9999|194.97|1000.0000|
|GdDY1_L1|||0.0000|0.00|0.00|0.00|0.0000|
|GdDT1_L1||NTCL|01|BR|BR||L1|27|1700.0000|0.0000|0.00|0.0000|2|
|GdDW1_L1||01|999999999.9999|999999999.9999|205.67|1000.0000|
|GdDY1_L1|||0.0000|0.00|0.00|0.00|0.0000|
|GdDT1_L1||NTCL|01|BR|BR||L1|28|1800.0000|0.0000|0.00|0.0000|2|
|GdDW1_L1||01|999999999.9999|999999999.9999|216.37|1000.0000|
|GdDY1_L1|||0.0000|0.00|0.00|0.00|0.0000|
|GdDT1_L1||NTCL|01|BR|BR||L1|29|1900.0000|0.0000|0.00|0.0000|2|
|GdDW1_L1||01|999999999.9999|999999999.9999|227.07|1000.0000|
|GdDY1_L1|||0.0000|0.00|0.00|0.00|0.0000|
|GdDT1_L1||NTCL|01|BR|BR||L1|30|2000.0000|0.0000|0.00|0.0000|2|
|GdDW1_L1||01|999999999.9999|999999999.9999|237.77|1000.0000|
|GdDY1_L1|||0.0000|0.00|0.00|0.00|0.0000|
|GdDT1_L1||NTCL|01|BR|BR||L1|31|2200.0000|0.0000|0.00|0.0000|2|
|GdDW1_L1||01|999999999.9999|999999999.9999|259.16|1000.0000|
|GdDY1_L1|||0.0000|0.00|0.00|0.00|0.0000|
|GdDT1_L1||NTCL|01|BR|BR||L1|32|2400.0000|0.0000|0.00|0.0000|2|
|GdDW1_L1||01|999999999.9999|999999999.9999|280.56|1000.0000|
|GdDY1_L1|||0.0000|0.00|0.00|0.00|0.0000|
|GdDT1_L1||NTCL|01|BR|BR||L1|33|2600.0000|0.0000|0.00|0.0000|2|
|GdDW1_L1||01|999999999.9999|999999999.9999|301.96|1000.0000|
|GdDY1_L1|||0.0000|0.00|0.00|0.00|0.0000|
|GdDT1_L1||NTCL|01|BR|BR||L1|34|2800.0000|0.0000|0.00|0.0000|2|
|GdDW1_L1||01|999999999.9999|999999999.9999|323.36|1000.0000|
|GdDY1_L1|||0.0000|0.00|0.00|0.00|0.0000|
|GdDT1_L1||NTCL|01|BR|BR||L1|35|3000.0000|0.0000|0.00|0.0000|2|
|GdDW1_L1||01|999999999.9999|999999999.9999|344.75|1000.0000|
|GdDY1_L1|||0.0000|0.00|0.00|0.00|0.0000|
|GdDT1_L1||NTCL|01|BR|BR||L1|36|3200.0000|0.0000|0.00|0.0000|2|
|GdDW1_L1||01|999999999.9999|999999999.9999|366.15|1000.0000|
|GdDY1_L1|||0.0000|0.00|0.00|0.00|0.0000|
|GdDT1_L1||NTCL|01|BR|BR||L1|37|3400.0000|0.0000|0.00|0.0000|2|
|GdDW1_L1||01|999999999.9999|999999999.9999|387.55|1000.0000|
|GdDY1_L1|||0.0000|0.00|0.00|0.00|0.0000|
|GdDT1_L1||NTCL|01|BR|BR||L1|38|3600.0000|0.0000|0.00|0.0000|2|
|GdDW1_L1||01|999999999.9999|999999999.9999|408.95|1000.0000|
|GdDY1_L1|||0.0000|0.00|0.00|0.00|0.0000|
|GdDT1_L1||NTCL|01|BR|BR||L1|39|3800.0000|0.0000|0.00|0.0000|2|
|GdDW1_L1||01|999999999.9999|999999999.9999|430.35|1000.0000|
|GdDY1_L1|||0.0000|0.00|0.00|0.00|0.0000|
|GdDT1_L1||NTCL|01|BR|BR||L1|40|4000.0000|0.0000|0.00|0.0000|2|
|GdDW1_L1||01|999999999.9999|999999999.9999|451.74|1000.0000|
|GdDY1_L1|||0.0000|0.00|0.00|0.00|0.0000|
|GdDT1_L1||NTCL|01|BR|BR||L1|41|4200.0000|0.0000|0.00|0.0000|2|
|GdDW1_L1||01|999999999.9999|999999999.9999|473.14|1000.0000|
|GdDY1_L1|||0.0000|0.00|0.00|0.00|0.0000|
|GdDT1_L1||NTCL|01|BR|BR||L1|42|4400.0000|0.0000|0.00|0.0000|2|
|GdDW1_L1||01|999999999.9999|999999999.9999|494.54|1000.0000|
|GdDY1_L1|||0.0000|0.00|0.00|0.00|0.0000|
|GdDT1_L1||NTCL|01|BR|BR||L1|43|4600.0000|0.0000|0.00|0.0000|2|
|GdDW1_L1||01|999999999.9999|999999999.9999|515.94|1000.0000|
|GdDY1_L1|||0.0000|0.00|0.00|0.00|0.0000|
|GdDT1_L1||NTCL|01|BR|BR||L1|44|4800.0000|0.0000|0.00|0.0000|2|
|GdDW1_L1||01|999999999.9999|999999999.9999|537.33|1000.0000|
|GdDY1_L1|||0.0000|0.00|0.00|0.00|0.0000|
|GdDT1_L1||NTCL|01|BR|BR||L1|45|5000.0000|0.0000|0.00|0.0000|2|
|GdDW1_L1||01|999999999.9999|999999999.9999|558.73|1000.0000|
|GdDY1_L1|||0.0000|0.00|0.00|0.00|0.0000|
|GdDT1_L1||NTCL|01|BR|BR||L1|46|5200.0000|0.0000|0.00|0.0000|2|
|GdDW1_L1||01|999999999.9999|999999999.9999|580.13|1000.0000|
|GdDY1_L1|||0.0000|0.00|0.00|0.00|0.0000|
|GdDT1_L1||NTCL|01|BR|BR||L1|47|5400.0000|0.0000|0.00|0.0000|2|
|GdDW1_L1||01|999999999.9999|999999999.9999|601.53|1000.0000|
|GdDY1_L1|||0.0000|0.00|0.00|0.00|0.0000|
|GdDT1_L1||NTCL|01|BR|BR||L1|48|5600.0000|0.0000|0.00|0.0000|2|
|GdDW1_L1||01|999999999.9999|999999999.9999|622.93|1000.0000|
|GdDY1_L1|||0.0000|0.00|0.00|0.00|0.0000|
|GdDT1_L1||NTCL|01|BR|BR||L1|49|5800.0000|0.0000|0.00|0.0000|2|
|GdDW1_L1||01|999999999.9999|999999999.9999|644.32|1000.0000|
|GdDY1_L1|||0.0000|0.00|0.00|0.00|0.0000|
|GdDT1_L1||NTCL|01|BR|BR||L1|50|6000.0000|0.0000|0.00|0.0000|2|
|GdDW1_L1||01|999999999.9999|999999999.9999|665.72|1000.0000|
|GdDY1_L1|||0.0000|0.00|0.00|0.00|0.0000|
|GdDT1_L2||NTCL|01|BR|BR||L2|01|50.0000|0.0000|0.00|0.0000|2|
|GdDW1_L2||01|999999999.9999|999999999.9999|0.30|100.0000|
|GdDY1_L2|||0.0000|0.00|0.00|0.00|0.0000|
|GdDT1_L2||NTCL|01|BR|BR||L2|02|100.0000|0.0000|0.00|0.0000|2|
|GdDW1_L2||01|999999999.9999|999999999.9999|0.30|100.0000|
|GdDY1_L2|||0.0000|0.00|0.00|0.00|0.0000|
|GdDT1_L2||NTCL|01|BR|BR||L2|03|150.0000|0.0000|0.00|0.0000|2|
|GdDW1_L2||01|999999999.9999|999999999.9999|0.30|100.0000|
|GdDY1_L2|||0.0000|0.00|0.00|0.00|0.0000|
|GdDT1_L2||NTCL|01|BR|BR||L2|04|200.0000|0.0000|0.00|0.0000|2|
|GdDW1_L2||01|999999999.9999|999999999.9999|0.30|100.0000|
|GdDY1_L2|||0.0000|0.00|0.00|0.00|0.0000|
|GdDT1_L2||NTCL|01|BR|BR||L2|05|250.0000|0.0000|0.00|0.0000|2|
|GdDW1_L2||01|999999999.9999|999999999.9999|0.30|100.0000|
|GdDY1_L2|||0.0000|0.00|0.00|0.00|0.0000|
|GdDT1_L2||NTCL|01|BR|BR||L2|06|300.0000|0.0000|0.00|0.0000|2|
|GdDW1_L2||01|999999999.9999|999999999.9999|0.40|100.0000|
|GdDY1_L2|||0.0000|0.00|0.00|0.00|0.0000|
|GdDT1_L2||NTCL|01|BR|BR||L2|07|350.0000|0.0000|0.00|0.0000|2|
|GdDW1_L2||01|999999999.9999|999999999.9999|0.40|100.0000|
|GdDY1_L2|||0.0000|0.00|0.00|0.00|0.0000|
|GdDT1_L2||NTCL|01|BR|BR||L2|08|400.0000|0.0000|0.00|0.0000|2|
|GdDW1_L2||01|999999999.9999|999999999.9999|0.40|100.0000|
|GdDY1_L2|||0.0000|0.00|0.00|0.00|0.0000|
|GdDT1_L2||NTCL|01|BR|BR||L2|09|450.0000|0.0000|0.00|0.0000|2|
|GdDW1_L2||01|999999999.9999|999999999.9999|0.40|100.0000|
|GdDY1_L2|||0.0000|0.00|0.00|0.00|0.0000|
|GdDT1_L2||NTCL|01|BR|BR||L2|10|500.0000|0.0000|0.00|0.0000|2|
|GdDW1_L2||01|999999999.9999|999999999.9999|0.40|100.0000|
|GdDY1_L2|||0.0000|0.00|0.00|0.00|0.0000|
|GdDT1_L2||NTCL|01|BR|BR||L2|11|550.0000|0.0000|0.00|0.0000|2|
|GdDW1_L2||01|999999999.9999|999999999.9999|0.60|100.0000|
|GdDY1_L2|||0.0000|0.00|0.00|0.00|0.0000|
|GdDT1_L2||NTCL|01|BR|BR||L2|12|600.0000|0.0000|0.00|0.0000|2|
|GdDW1_L2||01|999999999.9999|999999999.9999|0.60|100.0000|
|GdDY1_L2|||0.0000|0.00|0.00|0.00|0.0000|
|GdDT1_L2||NTCL|01|BR|BR||L2|13|650.0000|0.0000|0.00|0.0000|2|
|GdDW1_L2||01|999999999.9999|999999999.9999|0.60|100.0000|
|GdDY1_L2|||0.0000|0.00|0.00|0.00|0.0000|
|GdDT1_L2||NTCL|01|BR|BR||L2|14|700.0000|0.0000|0.00|0.0000|2|
|GdDW1_L2||01|999999999.9999|999999999.9999|0.60|100.0000|
|GdDY1_L2|||0.0000|0.00|0.00|0.00|0.0000|
|GdDT1_L2||NTCL|01|BR|BR||L2|15|750.0000|0.0000|0.00|0.0000|2|
|GdDW1_L2||01|999999999.9999|999999999.9999|0.60|100.0000|
|GdDY1_L2|||0.0000|0.00|0.00|0.00|0.0000|
|GdDT1_L2||NTCL|01|BR|BR||L2|16|800.0000|0.0000|0.00|0.0000|2|
|GdDW1_L2||01|999999999.9999|999999999.9999|0.60|100.0000|
|GdDY1_L2|||0.0000|0.00|0.00|0.00|0.0000|
|GdDT1_L2||NTCL|01|BR|BR||L2|17|850.0000|0.0000|0.00|0.0000|2|
|GdDW1_L2||01|999999999.9999|999999999.9999|0.60|100.0000|
|GdDY1_L2|||0.0000|0.00|0.00|0.00|0.0000|
|GdDT1_L2||NTCL|01|BR|BR||L2|18|900.0000|0.0000|0.00|0.0000|2|
|GdDW1_L2||01|999999999.9999|999999999.9999|0.60|100.0000|
|GdDY1_L2|||0.0000|0.00|0.00|0.00|0.0000|
|GdDT1_L2||NTCL|01|BR|BR||L2|19|950.0000|0.0000|0.00|0.0000|2|
|GdDW1_L2||01|999999999.9999|999999999.9999|0.60|100.0000|
|GdDY1_L2|||0.0000|0.00|0.00|0.00|0.0000|
|GdDT1_L2||NTCL|01|BR|BR||L2|20|1000.0000|0.0000|0.00|0.0000|2|
|GdDW1_L2||01|999999999.9999|999999999.9999|0.60|100.0000|
|GdDY1_L2|||0.0000|0.00|0.00|0.00|0.0000|
|GdDT1_L2||NTCL|01|BR|BR||L2|21|1100.0000|0.0000|0.00|0.0000|2|
|GdDW1_L2||01|999999999.9999|999999999.9999|0.70|100.0000|
|GdDY1_L2|||0.0000|0.00|0.00|0.00|0.0000|
|GdDT1_L2||NTCL|01|BR|BR||L2|22|1200.0000|0.0000|0.00|0.0000|2|
|GdDW1_L2||01|999999999.9999|999999999.9999|0.70|100.0000|
|GdDY1_L2|||0.0000|0.00|0.00|0.00|0.0000|
|GdDT1_L2||NTCL|01|BR|BR||L2|23|1300.0000|0.0000|0.00|0.0000|2|
|GdDW1_L2||01|999999999.9999|999999999.9999|0.70|100.0000|
|GdDY1_L2|||0.0000|0.00|0.00|0.00|0.0000|
|GdDT1_L2||NTCL|01|BR|BR||L2|24|1400.0000|0.0000|0.00|0.0000|2|
|GdDW1_L2||01|999999999.9999|999999999.9999|0.70|100.0000|
|GdDY1_L2|||0.0000|0.00|0.00|0.00|0.0000|
|GdDT1_L2||NTCL|01|BR|BR||L2|25|1500.0000|0.0000|0.00|0.0000|2|
|GdDW1_L2||01|999999999.9999|999999999.9999|0.70|100.0000|
|GdDY1_L2|||0.0000|0.00|0.00|0.00|0.0000|
|GdDT1_L2||NTCL|01|BR|BR||L2|26|1600.0000|0.0000|0.00|0.0000|2|
|GdDW1_L2||01|999999999.9999|999999999.9999|0.80|100.0000|
|GdDY1_L2|||0.0000|0.00|0.00|0.00|0.0000|
|GdDT1_L2||NTCL|01|BR|BR||L2|27|1700.0000|0.0000|0.00|0.0000|2|
|GdDW1_L2||01|999999999.9999|999999999.9999|0.80|100.0000|
|GdDY1_L2|||0.0000|0.00|0.00|0.00|0.0000|
|GdDT1_L2||NTCL|01|BR|BR||L2|28|1800.0000|0.0000|0.00|0.0000|2|
|GdDW1_L2||01|999999999.9999|999999999.9999|0.80|100.0000|
|GdDY1_L2|||0.0000|0.00|0.00|0.00|0.0000|
|GdDT1_L2||NTCL|01|BR|BR||L2|29|1900.0000|0.0000|0.00|0.0000|2|
|GdDW1_L2||01|999999999.9999|999999999.9999|0.80|100.0000|
|GdDY1_L2|||0.0000|0.00|0.00|0.00|0.0000|
|GdDT1_L2||NTCL|01|BR|BR||L2|30|2000.0000|0.0000|0.00|0.0000|2|
|GdDW1_L2||01|999999999.9999|999999999.9999|0.80|100.0000|
|GdDY1_L2|||0.0000|0.00|0.00|0.00|0.0000|
|GdDT1_L2||NTCL|01|BR|BR||L2|31|2200.0000|0.0000|0.00|0.0000|2|
|GdDW1_L2||01|999999999.9999|999999999.9999|0.90|100.0000|
|GdDY1_L2|||0.0000|0.00|0.00|0.00|0.0000|
|GdDT1_L2||NTCL|01|BR|BR||L2|32|2400.0000|0.0000|0.00|0.0000|2|
|GdDW1_L2||01|999999999.9999|999999999.9999|0.90|100.0000|
|GdDY1_L2|||0.0000|0.00|0.00|0.00|0.0000|
|GdDT1_L2||NTCL|01|BR|BR||L2|33|2600.0000|0.0000|0.00|0.0000|2|
|GdDW1_L2||01|999999999.9999|999999999.9999|0.90|100.0000|
|GdDY1_L2|||0.0000|0.00|0.00|0.00|0.0000|
|GdDT1_L2||NTCL|01|BR|BR||L2|34|2800.0000|0.0000|0.00|0.0000|2|
|GdDW1_L2||01|999999999.9999|999999999.9999|1.00|100.0000|
|GdDY1_L2|||0.0000|0.00|0.00|0.00|0.0000|
|GdDT1_L2||NTCL|01|BR|BR||L2|35|3000.0000|0.0000|0.00|0.0000|2|
|GdDW1_L2||01|999999999.9999|999999999.9999|1.00|100.0000|
|GdDY1_L2|||0.0000|0.00|0.00|0.00|0.0000|
|GdDT1_L2||NTCL|01|BR|BR||L2|36|3200.0000|0.0000|0.00|0.0000|2|
|GdDW1_L2||01|999999999.9999|999999999.9999|1.10|100.0000|
|GdDY1_L2|||0.0000|0.00|0.00|0.00|0.0000|
|GdDT1_L2||NTCL|01|BR|BR||L2|37|3400.0000|0.0000|0.00|0.0000|2|
|GdDW1_L2||01|999999999.9999|999999999.9999|1.10|100.0000|
|GdDY1_L2|||0.0000|0.00|0.00|0.00|0.0000|
|GdDT1_L2||NTCL|01|BR|BR||L2|38|3600.0000|0.0000|0.00|0.0000|2|
|GdDW1_L2||01|999999999.9999|999999999.9999|1.20|100.0000|
|GdDY1_L2|||0.0000|0.00|0.00|0.00|0.0000|
|GdDT1_L2||NTCL|01|BR|BR||L2|39|3800.0000|0.0000|0.00|0.0000|2|
|GdDW1_L2||01|999999999.9999|999999999.9999|1.20|100.0000|
|GdDY1_L2|||0.0000|0.00|0.00|0.00|0.0000|
|GdDT1_L2||NTCL|01|BR|BR||L2|40|4000.0000|0.0000|0.00|0.0000|2|
|GdDW1_L2||01|999999999.9999|999999999.9999|1.20|100.0000|
|GdDY1_L2|||0.0000|0.00|0.00|0.00|0.0000|
|GdDT1_L2||NTCL|01|BR|BR||L2|41|4200.0000|0.0000|0.00|0.0000|2|
|GdDW1_L2||01|999999999.9999|999999999.9999|1.20|100.0000|
|GdDY1_L2|||0.0000|0.00|0.00|0.00|0.0000|
|GdDT1_L2||NTCL|01|BR|BR||L2|42|4400.0000|0.0000|0.00|0.0000|2|
|GdDW1_L2||01|999999999.9999|999999999.9999|1.20|100.0000|
|GdDY1_L2|||0.0000|0.00|0.00|0.00|0.0000|
|GdDT1_L2||NTCL|01|BR|BR||L2|43|4600.0000|0.0000|0.00|0.0000|2|
|GdDW1_L2||01|999999999.9999|999999999.9999|1.20|100.0000|
|GdDY1_L2|||0.0000|0.00|0.00|0.00|0.0000|
|GdDT1_L2||NTCL|01|BR|BR||L2|44|4800.0000|0.0000|0.00|0.0000|2|
|GdDW1_L2||01|999999999.9999|999999999.9999|1.20|100.0000|
|GdDY1_L2|||0.0000|0.00|0.00|0.00|0.0000|
|GdDT1_L2||NTCL|01|BR|BR||L2|45|5000.0000|0.0000|0.00|0.0000|2|
|GdDW1_L2||01|999999999.9999|999999999.9999|1.20|100.0000|
|GdDY1_L2|||0.0000|0.00|0.00|0.00|0.0000|
|GdDT1_L2||NTCL|01|BR|BR||L2|46|5200.0000|0.0000|0.00|0.0000|2|
|GdDW1_L2||01|999999999.9999|999999999.9999|1.20|100.0000|
|GdDY1_L2|||0.0000|0.00|0.00|0.00|0.0000|
|GdDT1_L2||NTCL|01|BR|BR||L2|47|5400.0000|0.0000|0.00|0.0000|2|
|GdDW1_L2||01|999999999.9999|999999999.9999|1.20|100.0000|
|GdDY1_L2|||0.0000|0.00|0.00|0.00|0.0000|
|GdDT1_L2||NTCL|01|BR|BR||L2|48|5600.0000|0.0000|0.00|0.0000|2|
|GdDW1_L2||01|999999999.9999|999999999.9999|1.20|100.0000|
|GdDY1_L2|||0.0000|0.00|0.00|0.00|0.0000|
|GdDT1_L2||NTCL|01|BR|BR||L2|49|5800.0000|0.0000|0.00|0.0000|2|
|GdDW1_L2||01|999999999.9999|999999999.9999|1.20|100.0000|
|GdDY1_L2|||0.0000|0.00|0.00|0.00|0.0000|
|GdDT1_L2||NTCL|01|BR|BR||L2|50|6000.0000|0.0000|0.00|0.0000|2|
|GdDW1_L2||01|999999999.9999|999999999.9999|1.20|100.0000|
|GdDY1_L2|||0.0000|0.00|0.00|0.00|0.0000|
|GdDT1_L3||NTCL|01|BR|BR||L3|01|999999999.9999|0.0000|0.30|100.0000|2|
|GdDT1_L5||NTCL|01|BR|BR||L5|01|999999999.9999|0.0000|76.44|1.0000|2|
|GdDT1_L7||NTCL|01|BR|BR||L7|01|999999999.9999|999999999.9999|4.45|100.0000|2|
|GdDT1_L4||NTCL|01|BR|BR||L4|01|999999999.9999|0.0000|20.00|100.0000|2|
|GdDVY|||L1|Frete Peso|100.00|
|GdDVY|||L2|Frete Valor|100.00|
|GdDVY|||L3|Gris|100.00|
|GdDVY|||L5|Hora Util Exced.|0.00|
|GdDVY|||L7|Pedagio|100.00|
