||C1|Entrega|07|07||1|1|0|1|2|1|2|||1|
||C2|Impostos|07|07||1|1|0|1|2|1|2|||1|
||C3|Pedagio|07|07||1|1|0|1|2|1|2|||4|
||F1|Frete Peso|08|08||1|1|2|1|2|1|2||01|1|
||F2|Frete Valor|08|08||1|1|0|1|2|1|2||02|1|
||F3|Gris|02|02||1|1|0|1|2|1|2|||1|
||F4|Despacho|01|01||1|1|2|2|1|1|2|||3|
||F5|Taxa Emissao Cte|01|01||1|1|2|2|1|1|2|||5|
||F6|Permanencia da Carga|07|07||1|1|0|1|2|1|2|||5|
||F7|Estadia (Toco)|07|07||1|1|0|1|2|1|2|||5|
||F8|Estadia (Truck)|07|07||1|1|0|1|2|1|2|||5|
||F9|Estadia Cav.+Carreta|07|07||1|1|0|1|2|1|2|||5|
||FA|Estadia Carreta 3eix|07|07||1|1|0|1|2|1|2|||5|
||FB|Pedagio|01|01||1|1|2|1|2|1|2|||4|
||FC|Tde|13|13||1|1|0|1|2|1|2|||5|
||FD|Trt (Restr. Transit)|14|14||1|1|0|1|2|1|2|||5|
||FE|Paletizacao|07|07||1|1|0|1|2|1|2|||1|
||L1|Frete Peso|08|08||1|1|2|1|2|1|2||01|1|
||L2|Frete Valor|08|08||1|1|0|1|2|1|2||02|1|
||L3|Gris|02|02||1|1|0|1|2|1|2|||1|
||L4|Taxa Tde|13|13||1|1|0|1|2|1|2|||5|
||L5|Hora Util Exced.|07|07||1|1|0|1|2|1|2|||5|
||L6|TRT (Restr. Transit)|14|14||1|1|0|1|2|1|2|||5|
||L7|Pedagio|01|01||1|1|2|1|2|1|2|||4|
||P1|Frete Carreteiro|57|57||0|0|0|1|2|1|2|||5|
